Datetime,Open,High,Low,Close,Volume,Dividends,Stock Splits
2021-06-02 14:30:00-04:00,124.48500061035156,124.79499816894531,124.41000366210938,124.78500366210938,0,0,0
2021-06-02 15:30:00-04:00,124.79000091552734,125.16899871826172,124.66000366210938,125.08999633789062,6289304,0,0
2021-06-03 09:30:00-04:00,124.58999633789062,124.6500015258789,123.30500030517578,123.45999908447266,25327403,0,0
2021-06-03 10:30:00-04:00,123.45999908447266,124.1500015258789,123.12999725341797,123.9000015258789,11689176,0,0
2021-06-03 11:30:00-04:00,123.89810180664062,123.96499633789062,123.4000015258789,123.50689697265625,7105481,0,0
2021-06-03 12:30:00-04:00,123.5,123.80999755859375,123.30000305175781,123.78399658203125,5165261,0,0
2021-06-03 13:30:00-04:00,123.77999877929688,124.08999633789062,123.70999908447266,123.7490005493164,6677394,0,0
2021-06-03 14:30:00-04:00,123.73999786376953,123.88999938964844,123.5999984741211,123.86000061035156,6584989,0,0
2021-06-03 15:30:00-04:00,123.8604965209961,123.91500091552734,123.38999938964844,123.55000305175781,7214640,0,0
2021-06-04 09:30:00-04:00,124.06999969482422,125.36000061035156,123.8499984741211,124.83000183105469,19361695,0,0
2021-06-04 10:30:00-04:00,124.83499908447266,125.375,124.77999877929688,125.36869812011719,8433839,0,0
2021-06-04 11:30:00-04:00,125.37000274658203,125.86499786376953,124.9800033569336,125.80000305175781,10795367,0,0
2021-06-04 12:30:00-04:00,125.79499816894531,125.94999694824219,125.4800033569336,125.5,6432374,0,0
2021-06-04 13:30:00-04:00,125.5,125.80999755859375,125.5,125.76000213623047,4995245,0,0
2021-06-04 14:30:00-04:00,125.7699966430664,126.16000366210938,125.62999725341797,125.62999725341797,6864904,0,0
2021-06-04 15:30:00-04:00,125.62999725341797,126.05000305175781,125.49500274658203,125.87999725341797,8104331,0,0
2021-06-07 09:30:00-04:00,126.22000122070312,126.30999755859375,124.86000061035156,125.30000305175781,18862332,0,0
2021-06-07 10:30:00-04:00,125.30000305175781,125.41000366210938,124.83209991455078,124.9800033569336,9448674,0,0
2021-06-07 11:30:00-04:00,124.97000122070312,125.23999786376953,124.91000366210938,125.11000061035156,6494167,0,0
2021-06-07 12:30:00-04:00,125.11470031738281,125.4800033569336,125.11470031738281,125.20240020751953,6382056,0,0
2021-06-07 13:30:00-04:00,125.20999908447266,125.2300033569336,125.0,125.1449966430664,6656439,0,0
2021-06-07 14:30:00-04:00,125.1500015258789,125.7699966430664,124.91000366210938,125.7300033569336,8719336,0,0
2021-06-07 15:30:00-04:00,125.72599792480469,126.02999877929688,125.54499816894531,125.9000015258789,7278164,0,0
2021-06-08 09:30:00-04:00,126.66999816894531,128.4600067138672,126.44850158691406,127.49500274658203,27465883,0,0
2021-06-08 10:30:00-04:00,127.49500274658203,127.51000213623047,126.21009826660156,126.45500183105469,11156297,0,0
2021-06-08 11:30:00-04:00,126.4530029296875,126.81999969482422,126.41000366210938,126.67880249023438,7689564,0,0
2021-06-08 12:30:00-04:00,126.67990112304688,126.83999633789062,126.45999908447266,126.46279907226562,4219176,0,0
2021-06-08 13:30:00-04:00,126.45999908447266,127.02790069580078,126.43000030517578,127.02790069580078,5618242,0,0
2021-06-08 14:30:00-04:00,127.02999877929688,127.41999816894531,126.98300170898438,127.00499725341797,6251384,0,0
2021-06-08 15:30:00-04:00,127.01499938964844,127.07820129394531,126.68000030517578,126.73999786376953,6223413,0,0
2021-06-09 09:30:00-04:00,127.20999908447266,127.75,126.5199966430664,127.09500122070312,14856751,0,0
2021-06-09 10:30:00-04:00,127.0989990234375,127.33999633789062,126.80000305175781,127.12000274658203,7549883,0,0
2021-06-09 11:30:00-04:00,127.11799621582031,127.1500015258789,126.82029724121094,127.125,5010927,0,0
2021-06-09 12:30:00-04:00,127.12999725341797,127.27999877929688,127.0999984741211,127.22000122070312,3753788,0,0
2021-06-09 13:30:00-04:00,127.21499633789062,127.26000213623047,127.05999755859375,127.23989868164062,3730750,0,0
2021-06-09 14:30:00-04:00,127.23880004882812,127.30000305175781,126.92500305175781,126.92500305175781,5180173,0,0
2021-06-09 15:30:00-04:00,126.93000030517578,127.20500183105469,126.73999786376953,127.16000366210938,7620483,0,0
2021-06-10 09:30:00-04:00,127.0199966430664,128.19000244140625,126.62000274658203,127.45999908447266,18038739,0,0
2021-06-10 10:30:00-04:00,127.47000122070312,127.58999633789062,126.11499786376953,126.62000274658203,12426362,0,0
2021-06-10 11:30:00-04:00,126.62999725341797,126.82499694824219,126.4000015258789,126.45999908447266,5844938,0,0
2021-06-10 12:30:00-04:00,126.45999908447266,126.69999694824219,126.41000366210938,126.45899963378906,4437294,0,0
2021-06-10 13:30:00-04:00,126.45500183105469,126.47000122070312,126.11000061035156,126.12999725341797,6089583,0,0
2021-06-10 14:30:00-04:00,126.12999725341797,126.41000366210938,125.95999908447266,126.28500366210938,8068929,0,0
2021-06-10 15:30:00-04:00,126.27999877929688,126.3499984741211,125.94000244140625,126.11000061035156,9881370,0,0
2021-06-11 09:30:00-04:00,126.52999877929688,127.2750015258789,126.0999984741211,127.11000061035156,16273886,0,0
2021-06-11 10:30:00-04:00,127.12000274658203,127.16999816894531,126.51499938964844,126.9800033569336,7063874,0,0
2021-06-11 11:30:00-04:00,126.9749984741211,127.25499725341797,126.94999694824219,127.0999984741211,5676178,0,0
2021-06-11 12:30:00-04:00,127.10790252685547,127.20999908447266,126.91000366210938,127.16999816894531,4257347,0,0
2021-06-11 13:30:00-04:00,127.18000030517578,127.44000244140625,127.16000366210938,127.31179809570312,4466662,0,0
2021-06-11 14:30:00-04:00,127.31500244140625,127.41999816894531,127.05999755859375,127.1500015258789,4443683,0,0
2021-06-11 15:30:00-04:00,127.1500015258789,127.36000061035156,127.04000091552734,127.35209655761719,5070500,0,0
2021-06-14 09:30:00-04:00,127.81999969482422,129.30999755859375,127.09500122070312,129.14410400390625,21682101,0,0
2021-06-14 10:30:00-04:00,129.14500427246094,129.77999877929688,128.75,129.69000244140625,11723940,0,0
2021-06-14 11:30:00-04:00,129.69000244140625,129.8800048828125,129.35000610351562,129.47999572753906,7148320,0,0
2021-06-14 12:30:00-04:00,129.47569274902344,129.9600067138672,129.26260375976562,129.9250030517578,7559123,0,0
2021-06-14 13:30:00-04:00,129.92010498046875,130.22500610351562,129.80999755859375,130.10009765625,8073550,0,0
2021-06-14 14:30:00-04:00,130.10499572753906,130.39999389648438,129.74000549316406,130.05999755859375,7904656,0,0
2021-06-14 15:30:00-04:00,130.05999755859375,130.49000549316406,129.7949981689453,130.49000549316406,9923049,0,0
2021-06-15 09:30:00-04:00,130.00999450683594,130.60000610351562,129.38999938964844,129.7100067138672,19241625,0,0
2021-06-15 10:30:00-04:00,129.7100067138672,129.97000122070312,129.4600067138672,129.85000610351562,8030416,0,0
2021-06-15 11:30:00-04:00,129.85000610351562,130.2270050048828,129.5749969482422,130.2017059326172,6359034,0,0
2021-06-15 12:30:00-04:00,130.2100067138672,130.2100067138672,129.67999267578125,129.75,4700152,0,0
2021-06-15 13:30:00-04:00,129.75,129.9600067138672,129.57000732421875,129.6750030517578,4630163,0,0
2021-06-15 14:30:00-04:00,129.6699981689453,129.86000061035156,129.50999450683594,129.67999267578125,4501350,0,0
2021-06-15 15:30:00-04:00,129.6750030517578,130.0,129.52999877929688,129.74000549316406,7228309,0,0
2021-06-16 09:30:00-04:00,130.14999389648438,130.88999938964844,129.63999938964844,130.57699584960938,20509698,0,0
2021-06-16 10:30:00-04:00,130.5800018310547,130.6699981689453,130.27999877929688,130.56500244140625,7436971,0,0
2021-06-16 11:30:00-04:00,130.57000732421875,130.61000061035156,129.75999450683594,129.9949951171875,6868158,0,0
2021-06-16 12:30:00-04:00,129.99000549316406,130.47999572753906,129.96749877929688,130.2808074951172,7438310,0,0
2021-06-16 13:30:00-04:00,130.28770446777344,130.52000427246094,128.77000427246094,129.2899932861328,13800956,0,0
2021-06-16 14:30:00-04:00,129.27999877929688,130.38999938964844,128.46099853515625,130.19500732421875,17774321,0,0
2021-06-16 15:30:00-04:00,130.19000244140625,130.47999572753906,130.03269958496094,130.13999938964844,8596587,0,0
2021-06-17 09:30:00-04:00,129.8000030517578,131.76800537109375,129.64999389648438,131.73500061035156,19824604,0,0
2021-06-17 10:30:00-04:00,131.74000549316406,132.0399932861328,131.30999755859375,131.99989318847656,15068373,0,0
2021-06-17 11:30:00-04:00,131.9949951171875,132.5500030517578,130.9499969482422,131.11000061035156,15179890,0,0
2021-06-17 12:30:00-04:00,131.11000061035156,131.91000366210938,130.9499969482422,131.89999389648438,9695703,0,0
2021-06-17 13:30:00-04:00,131.89999389648438,132.1300048828125,131.60000610351562,132.09010314941406,7729238,0,0
2021-06-17 14:30:00-04:00,132.09500122070312,132.2550048828125,131.80999755859375,132.14500427246094,7421650,0,0
2021-06-17 15:30:00-04:00,132.13999938964844,132.2100067138672,131.74000549316406,131.77999877929688,8899937,0,0
2021-06-18 09:30:00-04:00,130.79299926757812,131.46499633789062,130.60000610351562,131.0500030517578,30182191,0,0
2021-06-18 10:30:00-04:00,131.0399932861328,131.2899932861328,130.32000732421875,130.32749938964844,14063398,0,0
2021-06-18 11:30:00-04:00,130.32260131835938,131.0,130.2899932861328,130.99000549316406,7659202,0,0
2021-06-18 12:30:00-04:00,130.98989868164062,131.22000122070312,130.75999450683594,130.80999755859375,5313935,0,0
2021-06-18 13:30:00-04:00,130.8101043701172,131.14999389648438,130.75999450683594,130.9600067138672,5445632,0,0
2021-06-18 14:30:00-04:00,130.9600067138672,131.02499389648438,130.57000732421875,130.90499877929688,7095366,0,0
2021-06-18 15:30:00-04:00,130.89999389648438,131.14999389648438,130.24000549316406,130.39999389648438,10894014,0,0
2021-06-21 09:30:00-04:00,130.75,130.8300018310547,129.2100067138672,130.75999450683594,19819144,0,0
2021-06-21 10:30:00-04:00,130.75999450683594,131.6999969482422,130.6999969482422,131.61000061035156,10923592,0,0
2021-06-21 11:30:00-04:00,131.61839294433594,132.1699981689453,131.41000366210938,132.11000061035156,8255540,0,0
2021-06-21 12:30:00-04:00,132.1197967529297,132.19000244140625,131.8800048828125,132.10000610351562,5490176,0,0
2021-06-21 13:30:00-04:00,132.11000061035156,132.41000366210938,132.0800018310547,132.1999969482422,6004066,0,0
2021-06-21 14:30:00-04:00,132.1999969482422,132.2050018310547,131.9600067138672,132.0800018310547,6054469,0,0
2021-06-21 15:30:00-04:00,132.07989501953125,132.3000030517578,131.92999267578125,132.2899932861328,7770230,0,0
2021-06-22 09:30:00-04:00,132.1300048828125,132.8300018310547,131.6199951171875,132.11990356445312,16925487,0,0
2021-06-22 10:30:00-04:00,132.11500549316406,132.75999450683594,132.05990600585938,132.61500549316406,7602466,0,0
2021-06-22 11:30:00-04:00,132.61500549316406,132.91729736328125,132.39999389648438,132.91729736328125,5953842,0,0
2021-06-22 12:30:00-04:00,132.9149932861328,133.4149932861328,132.8000030517578,133.32009887695312,8487161,0,0
2021-06-22 13:30:00-04:00,133.3300018310547,133.47000122070312,133.0800018310547,133.33560180664062,5647520,0,0
2021-06-22 14:30:00-04:00,133.3300018310547,133.99000549316406,133.25999450683594,133.92999267578125,8491726,0,0
2021-06-22 15:30:00-04:00,133.94000244140625,134.0800018310547,133.65420532226562,133.97999572753906,9486516,0,0
2021-06-23 09:30:00-04:00,133.58999633789062,134.32000732421875,133.50999450683594,133.9611053466797,17708437,0,0
2021-06-23 10:30:00-04:00,133.9600067138672,133.96499633789062,133.22999572753906,133.47999572753906,9012287,0,0
2021-06-23 11:30:00-04:00,133.47000122070312,133.82000732421875,133.36000061035156,133.6800994873047,6263901,0,0
2021-06-23 12:30:00-04:00,133.68499755859375,134.25,133.25999450683594,134.0800018310547,7605120,0,0
2021-06-23 13:30:00-04:00,134.0800018310547,134.08999633789062,133.61500549316406,133.67999267578125,4876372,0,0
2021-06-23 14:30:00-04:00,133.6750030517578,133.9886932373047,133.61000061035156,133.97500610351562,4565271,0,0
2021-06-23 15:30:00-04:00,133.9799041748047,133.9799041748047,133.51060485839844,133.6999969482422,5215146,0,0
2021-06-24 09:30:00-04:00,134.42999267578125,134.5,133.95010375976562,134.27000427246094,16269634,0,0
2021-06-24 10:30:00-04:00,134.26499938964844,134.39999389648438,133.72999572753906,133.97500610351562,9306253,0,0
2021-06-24 11:30:00-04:00,133.97999572753906,134.10000610351562,133.83099365234375,133.91000366210938,6478462,0,0
2021-06-24 12:30:00-04:00,133.91000366210938,133.91990661621094,133.16000366210938,133.3925018310547,7516053,0,0
2021-06-24 13:30:00-04:00,133.39199829101562,133.75999450683594,133.35000610351562,133.6999053955078,4994560,0,0
2021-06-24 14:30:00-04:00,133.6999969482422,133.7100067138672,133.03500366210938,133.11500549316406,5923942,0,0
2021-06-24 15:30:00-04:00,133.11500549316406,133.47000122070312,132.92999267578125,133.39999389648438,8009173,0,0
2021-06-25 09:30:00-04:00,133.4600067138672,133.7899932861328,133.0850067138672,133.7550048828125,12473987,0,0
2021-06-25 10:30:00-04:00,133.75599670410156,133.88999938964844,133.39100646972656,133.5050048828125,7083639,0,0
2021-06-25 11:30:00-04:00,133.5050048828125,133.5800018310547,133.24000549316406,133.3000030517578,3671738,0,0
2021-06-25 12:30:00-04:00,133.3000030517578,133.50999450683594,133.27999877929688,133.33999633789062,3069484,0,0
2021-06-25 13:30:00-04:00,133.33999633789062,133.33999633789062,132.9600067138672,133.11500549316406,4712098,0,0
2021-06-25 14:30:00-04:00,133.11500549316406,133.1699981689453,132.89999389648438,132.9949951171875,4936460,0,0
2021-06-25 15:30:00-04:00,133.0,133.36000061035156,132.80999755859375,133.11000061035156,7651096,0,0
2021-06-28 09:30:00-04:00,133.77999877929688,135.14990234375,133.75,135.01060485839844,19387674,0,0
2021-06-28 10:30:00-04:00,135.02000427246094,135.22000122070312,134.77999877929688,135.03500366210938,8254895,0,0
2021-06-28 11:30:00-04:00,135.0399932861328,135.17999267578125,134.8300018310547,135.11000061035156,5356848,0,0
2021-06-28 12:30:00-04:00,135.10870361328125,135.1999969482422,134.72000122070312,134.76849365234375,4112879,0,0
2021-06-28 13:30:00-04:00,134.75999450683594,134.99000549316406,134.6699981689453,134.98219299316406,4118543,0,0
2021-06-28 14:30:00-04:00,134.98500061035156,135.2449951171875,134.75,134.8280029296875,7498739,0,0
2021-06-28 15:30:00-04:00,134.8249969482422,134.8800048828125,134.7100067138672,134.75,5867554,0,0
2021-06-29 09:30:00-04:00,134.92999267578125,135.6300048828125,134.35000610351562,135.50999450683594,15786952,0,0
2021-06-29 10:30:00-04:00,135.50999450683594,136.1699981689453,135.4499969482422,136.07000732421875,10281231,0,0
2021-06-29 11:30:00-04:00,136.07000732421875,136.47500610351562,135.92999267578125,136.4499053955078,6911766,0,0
2021-06-29 12:30:00-04:00,136.4499969482422,136.49000549316406,136.11000061035156,136.20010375976562,5187565,0,0
2021-06-29 13:30:00-04:00,136.2030029296875,136.47999572753906,136.14999389648438,136.2480926513672,4343961,0,0
2021-06-29 14:30:00-04:00,136.2429962158203,136.47999572753906,136.08999633789062,136.3300018310547,6694393,0,0
2021-06-29 15:30:00-04:00,136.3300018310547,136.4499969482422,136.16000366210938,136.3300018310547,6386531,0,0
2021-06-30 09:30:00-04:00,136.1699981689453,137.02000427246094,135.8699951171875,136.76499938964844,15099630,0,0
2021-06-30 10:30:00-04:00,136.76199340820312,137.19000244140625,136.57000732421875,136.84500122070312,7003481,0,0
2021-06-30 11:30:00-04:00,136.85000610351562,136.95880126953125,136.47000122070312,136.5699005126953,5828274,0,0
2021-06-30 12:30:00-04:00,136.56590270996094,136.86000061035156,136.50999450683594,136.83740234375,4283216,0,0
2021-06-30 13:30:00-04:00,136.8350067138672,137.0500030517578,136.72500610351562,136.9499969482422,4297113,0,0
2021-06-30 14:30:00-04:00,136.94000244140625,137.27000427246094,136.8699951171875,137.22999572753906,5259911,0,0
2021-06-30 15:30:00-04:00,137.23500061035156,137.3699951171875,136.85000610351562,136.9199981689453,9937392,0,0
2021-07-01 09:30:00-04:00,136.60000610351562,137.19000244140625,136.26980590820312,136.56109619140625,13825296,0,0
2021-07-01 10:30:00-04:00,136.5601043701172,136.5800018310547,135.75999450683594,136.01499938964844,8541910,0,0
2021-07-01 11:30:00-04:00,136.00999450683594,136.52999877929688,135.97000122070312,136.39999389648438,4810914,0,0
2021-07-01 12:30:00-04:00,136.39500427246094,136.42999267578125,136.02999877929688,136.2700958251953,3848217,0,0
2021-07-01 13:30:00-04:00,136.27000427246094,136.8699951171875,136.25,136.75,5003034,0,0
2021-07-01 14:30:00-04:00,136.7550048828125,137.07000732421875,136.74000549316406,136.94259643554688,5028121,0,0
2021-07-01 15:30:00-04:00,136.9499969482422,137.3300018310547,136.9499969482422,137.27000427246094,5952561,0,0
2021-07-02 09:30:00-04:00,137.89999389648438,139.1300048828125,137.80999755859375,138.83929443359375,21366843,0,0
2021-07-02 10:30:00-04:00,138.83749389648438,138.91000366210938,138.38999938964844,138.6999969482422,9591791,0,0
2021-07-02 11:30:00-04:00,138.69500732421875,139.42010498046875,138.67999267578125,139.3114013671875,7979995,0,0
2021-07-02 12:30:00-04:00,139.31179809570312,139.6699981689453,139.16000366210938,139.4250030517578,7416308,0,0
2021-07-02 13:30:00-04:00,139.4199981689453,139.80999755859375,139.38999938964844,139.74229431152344,5625084,0,0
2021-07-02 14:30:00-04:00,139.74000549316406,139.75,139.3699951171875,139.65310668945312,6096479,0,0
2021-07-02 15:18:16-04:00,139.64410400390625,139.64410400390625,139.64410400390625,139.64410400390625,0,0,0
