Datetime,Open,High,Low,Close,Volume,Dividends,Stock Splits
2021-06-02 14:30:00-04:00,3215.300048828125,3222.389892578125,3214.3798828125,3218.1650390625,0,0,0
2021-06-02 15:30:00-04:00,3219.0,3235.0,3218.090087890625,3234.919921875,255893,0,0
2021-06-03 09:30:00-04:00,3211.699951171875,3213.800048828125,3188.0,3191.919921875,788547,0,0
2021-06-03 10:30:00-04:00,3191.889892578125,3214.43505859375,3185.405029296875,3205.3701171875,369904,0,0
2021-06-03 11:30:00-04:00,3203.0,3204.010009765625,3193.60009765625,3198.0849609375,236936,0,0
2021-06-03 12:30:00-04:00,3197.72998046875,3203.489990234375,3195.0,3203.489990234375,149074,0,0
2021-06-03 13:30:00-04:00,3203.389892578125,3203.9599609375,3196.008056640625,3196.735107421875,130882,0,0
2021-06-03 14:30:00-04:00,3196.905029296875,3199.399169921875,3186.75,3189.949951171875,208218,0,0
2021-06-03 15:30:00-04:00,3189.81005859375,3192.610107421875,3184.030029296875,3187.39990234375,267233,0,0
2021-06-04 09:30:00-04:00,3206.75,3218.820068359375,3201.989990234375,3210.830078125,703974,0,0
2021-06-04 10:30:00-04:00,3211.179931640625,3218.3798828125,3203.510009765625,3218.18994140625,267859,0,0
2021-06-04 11:30:00-04:00,3217.592529296875,3217.7373046875,3212.159912109375,3216.239990234375,189238,0,0
2021-06-04 12:30:00-04:00,3216.409912109375,3221.0,3214.0,3215.070068359375,142957,0,0
2021-06-04 13:30:00-04:00,3215.25,3215.695068359375,3207.2900390625,3207.2900390625,169633,0,0
2021-06-04 14:30:00-04:00,3208.10009765625,3209.2099609375,3198.81005859375,3202.719970703125,268050,0,0
2021-06-04 15:30:00-04:00,3202.77001953125,3208.669921875,3202.0849609375,3206.219970703125,300869,0,0
2021-06-07 09:30:00-04:00,3197.330078125,3208.0,3192.35498046875,3196.6298828125,432453,0,0
2021-06-07 10:30:00-04:00,3197.340087890625,3204.925048828125,3192.0,3192.199951171875,263516,0,0
2021-06-07 11:30:00-04:00,3192.0,3195.27490234375,3189.72998046875,3191.3798828125,171970,0,0
2021-06-07 12:30:00-04:00,3191.179931640625,3193.72998046875,3182.0,3184.35009765625,194894,0,0
2021-06-07 13:30:00-04:00,3184.6298828125,3190.360107421875,3172.199951171875,3186.419921875,332146,0,0
2021-06-07 14:30:00-04:00,3186.56005859375,3200.9599609375,3184.09912109375,3198.340087890625,284047,0,0
2021-06-07 15:30:00-04:00,3198.340087890625,3200.510009765625,3188.340087890625,3198.0,269774,0,0
2021-06-08 09:30:00-04:00,3222.610107421875,3264.72509765625,3218.010009765625,3254.0,1035647,0,0
2021-06-08 10:30:00-04:00,3253.139892578125,3266.8701171875,3241.35009765625,3253.4599609375,490623,0,0
2021-06-08 11:30:00-04:00,3254.169921875,3255.419921875,3243.949951171875,3255.3701171875,229302,0,0
2021-06-08 12:30:00-04:00,3255.5048828125,3263.989990234375,3254.6201171875,3254.6201171875,371164,0,0
2021-06-08 13:30:00-04:00,3254.0,3267.330078125,3252.96728515625,3265.830078125,199061,0,0
2021-06-08 14:30:00-04:00,3265.81005859375,3279.531982421875,3265.530029296875,3274.179931640625,350339,0,0
2021-06-08 15:30:00-04:00,3274.27490234375,3276.080078125,3263.06396484375,3264.139892578125,308942,0,0
2021-06-09 09:30:00-04:00,3272.8701171875,3297.580078125,3270.699951171875,3286.179931640625,826340,0,0
2021-06-09 10:30:00-04:00,3286.77001953125,3293.132568359375,3283.0,3293.0,259350,0,0
2021-06-09 11:30:00-04:00,3292.0,3293.56005859375,3282.590087890625,3292.9599609375,245614,0,0
2021-06-09 12:30:00-04:00,3292.5,3294.919921875,3287.5,3291.219970703125,198309,0,0
2021-06-09 13:30:00-04:00,3292.300048828125,3294.909912109375,3288.199951171875,3293.639892578125,172720,0,0
2021-06-09 14:30:00-04:00,3293.469970703125,3294.5,3280.0,3280.6298828125,209494,0,0
2021-06-09 15:30:00-04:00,3280.4951171875,3285.1220703125,3278.455078125,3281.219970703125,240388,0,0
2021-06-10 09:30:00-04:00,3290.0,3330.719970703125,3285.080078125,3329.43994140625,1016657,0,0
2021-06-10 10:30:00-04:00,3330.2099609375,3334.669921875,3318.050048828125,3326.264892578125,577845,0,0
2021-06-10 11:30:00-04:00,3325.360107421875,3333.2998046875,3323.47998046875,3323.5849609375,376658,0,0
2021-06-10 12:30:00-04:00,3324.594970703125,3328.659912109375,3322.169921875,3328.159912109375,195120,0,0
2021-06-10 13:30:00-04:00,3328.659912109375,3333.330078125,3323.389892578125,3331.929931640625,232850,0,0
2021-06-10 14:30:00-04:00,3331.989990234375,3337.0,3329.0,3334.610107421875,281465,0,0
2021-06-10 15:30:00-04:00,3334.14990234375,3351.0,3330.0,3349.64990234375,482289,0,0
2021-06-11 09:30:00-04:00,3349.64990234375,3366.580078125,3341.1201171875,3352.949951171875,965184,0,0
2021-06-11 10:30:00-04:00,3354.0400390625,3354.800048828125,3337.699951171875,3352.8701171875,440537,0,0
2021-06-11 11:30:00-04:00,3353.35009765625,3354.0,3342.5,3343.5849609375,202284,0,0
2021-06-11 12:30:00-04:00,3343.534912109375,3346.173828125,3333.449951171875,3338.85009765625,246647,0,0
2021-06-11 13:30:00-04:00,3337.739990234375,3346.589111328125,3334.75,3343.86279296875,180413,0,0
2021-06-11 14:30:00-04:00,3344.300048828125,3346.139892578125,3337.570068359375,3338.139892578125,171420,0,0
2021-06-11 15:30:00-04:00,3338.280029296875,3347.679931640625,3336.179931640625,3346.830078125,430169,0,0
2021-06-14 09:30:00-04:00,3346.830078125,3377.050048828125,3335.5,3363.85498046875,697325,0,0
2021-06-14 10:30:00-04:00,3364.510009765625,3367.81005859375,3353.7099609375,3365.5087890625,219805,0,0
2021-06-14 11:30:00-04:00,3364.030029296875,3370.2900390625,3362.0400390625,3367.530029296875,144492,0,0
2021-06-14 12:30:00-04:00,3366.449951171875,3368.60009765625,3361.550048828125,3362.989990234375,103437,0,0
2021-06-14 13:30:00-04:00,3364.0,3369.550048828125,3362.260009765625,3363.02490234375,104281,0,0
2021-06-14 14:30:00-04:00,3364.0,3366.199951171875,3358.93994140625,3365.0,192974,0,0
2021-06-14 15:30:00-04:00,3366.0,3385.0,3362.42431640625,3384.93994140625,442400,0,0
2021-06-15 09:30:00-04:00,3384.0,3396.986572265625,3366.199951171875,3375.739990234375,837731,0,0
2021-06-15 10:30:00-04:00,3375.697265625,3378.131591796875,3366.864990234375,3367.199951171875,308141,0,0
2021-06-15 11:30:00-04:00,3367.0,3374.7900390625,3363.110107421875,3374.7900390625,223909,0,0
2021-06-15 12:30:00-04:00,3374.949951171875,3380.550048828125,3368.652099609375,3373.919921875,150425,0,0
2021-06-15 13:30:00-04:00,3374.0,3385.1201171875,3374.0,3379.0,181723,0,0
2021-06-15 14:30:00-04:00,3379.0,3383.7333984375,3372.60009765625,3379.199951171875,168284,0,0
2021-06-15 15:30:00-04:00,3379.39990234375,3389.75,3376.27001953125,3384.8798828125,296194,0,0
2021-06-16 09:30:00-04:00,3392.0,3416.73388671875,3388.9609375,3413.989990234375,999551,0,0
2021-06-16 10:30:00-04:00,3414.0400390625,3415.0,3405.110107421875,3406.5400390625,289602,0,0
2021-06-16 11:30:00-04:00,3406.344970703125,3407.1298828125,3382.52001953125,3388.010009765625,319234,0,0
2021-06-16 12:30:00-04:00,3388.205810546875,3405.989990234375,3387.53369140625,3403.61962890625,226412,0,0
2021-06-16 13:30:00-04:00,3402.64990234375,3412.47998046875,3375.550048828125,3388.070068359375,691661,0,0
2021-06-16 14:30:00-04:00,3386.682861328125,3421.0,3360.530029296875,3413.159912109375,842761,0,0
2021-06-16 15:30:00-04:00,3413.889892578125,3426.35009765625,3410.3798828125,3414.780029296875,481315,0,0
2021-06-17 09:30:00-04:00,3403.179931640625,3431.135009765625,3401.0,3429.0,992513,0,0
2021-06-17 10:30:00-04:00,3429.81005859375,3457.909912109375,3424.320068359375,3457.550048828125,675300,0,0
2021-06-17 11:30:00-04:00,3457.294921875,3468.06005859375,3450.889892578125,3456.489990234375,697484,0,0
2021-06-17 12:30:00-04:00,3456.0,3479.691650390625,3452.77001953125,3477.860107421875,679898,0,0
2021-06-17 13:30:00-04:00,3478.110107421875,3488.85009765625,3473.610107421875,3487.650390625,536341,0,0
2021-06-17 14:30:00-04:00,3487.300048828125,3497.199951171875,3481.75,3493.614990234375,515239,0,0
2021-06-17 15:30:00-04:00,3493.10009765625,3496.5400390625,3484.030029296875,3489.679931640625,534833,0,0
2021-06-18 09:30:00-04:00,3485.52001953125,3505.820068359375,3476.820068359375,3502.22998046875,1724152,0,0
2021-06-18 10:30:00-04:00,3501.06005859375,3507.0,3473.919921875,3474.39404296875,692666,0,0
2021-06-18 11:30:00-04:00,3474.2548828125,3502.6826171875,3473.7099609375,3500.969970703125,356575,0,0
2021-06-18 12:30:00-04:00,3501.0400390625,3501.0400390625,3491.39990234375,3492.81005859375,354397,0,0
2021-06-18 13:30:00-04:00,3492.489990234375,3496.800048828125,3486.22509765625,3491.010009765625,265900,0,0
2021-06-18 14:30:00-04:00,3490.7099609375,3496.489990234375,3476.02001953125,3495.610107421875,449609,0,0
2021-06-18 15:30:00-04:00,3496.570068359375,3502.89990234375,3484.719970703125,3486.81005859375,544445,0,0
2021-06-21 09:30:00-04:00,3476.419921875,3482.0,3434.0,3446.764892578125,1132863,0,0
2021-06-21 10:30:00-04:00,3446.215087890625,3478.050048828125,3445.010009765625,3466.89501953125,508486,0,0
2021-06-21 11:30:00-04:00,3466.4599609375,3478.199951171875,3460.219970703125,3471.925048828125,314102,0,0
2021-06-21 12:30:00-04:00,3472.094970703125,3475.5400390625,3462.114013671875,3462.56494140625,178152,0,0
2021-06-21 13:30:00-04:00,3462.550048828125,3468.0,3458.0,3465.969970703125,186655,0,0
2021-06-21 14:30:00-04:00,3465.909912109375,3465.909912109375,3448.43505859375,3450.105712890625,240949,0,0
2021-06-21 15:30:00-04:00,3451.705078125,3456.39990234375,3446.590087890625,3453.9599609375,312056,0,0
2021-06-22 09:30:00-04:00,3458.06005859375,3497.5,3456.090087890625,3494.155029296875,860658,0,0
2021-06-22 10:30:00-04:00,3493.344970703125,3498.280029296875,3479.010009765625,3496.3798828125,319983,0,0
2021-06-22 11:30:00-04:00,3497.300048828125,3509.510009765625,3496.030029296875,3508.739990234375,409933,0,0
2021-06-22 12:30:00-04:00,3508.719970703125,3515.618408203125,3502.0,3504.389892578125,351664,0,0
2021-06-22 13:30:00-04:00,3504.72998046875,3515.0,3501.530029296875,3514.860107421875,232434,0,0
2021-06-22 14:30:00-04:00,3514.110107421875,3523.780029296875,3510.47509765625,3522.530029296875,424019,0,0
2021-06-22 15:30:00-04:00,3522.661376953125,3523.570068359375,3501.264892578125,3505.5,473571,0,0
2021-06-23 09:30:00-04:00,3505.0,3521.0,3495.89990234375,3500.95703125,880827,0,0
2021-06-23 10:30:00-04:00,3499.7099609375,3501.429931640625,3484.72509765625,3487.169921875,467167,0,0
2021-06-23 11:30:00-04:00,3487.0,3504.1201171875,3483.199951171875,3493.467041015625,259863,0,0
2021-06-23 12:30:00-04:00,3492.54248046875,3509.8701171875,3485.082275390625,3507.3466796875,272660,0,0
2021-06-23 13:30:00-04:00,3506.760009765625,3509.860107421875,3498.52001953125,3500.949951171875,156291,0,0
2021-06-23 14:30:00-04:00,3501.2451171875,3508.550048828125,3500.949951171875,3508.2900390625,252644,0,0
2021-06-23 15:30:00-04:00,3509.0,3509.0,3494.550048828125,3503.510009765625,250649,0,0
2021-06-24 09:30:00-04:00,3507.639892578125,3524.85986328125,3500.0,3504.1005859375,741991,0,0
2021-06-24 10:30:00-04:00,3504.3701171875,3504.739990234375,3485.10009765625,3488.132568359375,514426,0,0
2021-06-24 11:30:00-04:00,3489.56005859375,3499.89990234375,3481.81005859375,3489.909912109375,312334,0,0
2021-06-24 12:30:00-04:00,3490.090087890625,3491.4599609375,3451.050048828125,3456.248291015625,550931,0,0
2021-06-24 13:30:00-04:00,3456.43994140625,3457.0,3434.5,3455.31005859375,546189,0,0
2021-06-24 14:30:00-04:00,3455.074951171875,3456.56005859375,3435.010009765625,3435.800048828125,360191,0,0
2021-06-24 15:30:00-04:00,3435.639892578125,3449.800048828125,3430.85009765625,3449.080078125,533245,0,0
2021-06-25 09:30:00-04:00,3464.0,3464.820068359375,3394.179931640625,3410.25,1362344,0,0
2021-06-25 10:30:00-04:00,3410.5712890625,3416.0,3399.460205078125,3406.844970703125,430856,0,0
2021-06-25 11:30:00-04:00,3407.485107421875,3411.56005859375,3395.2099609375,3395.735107421875,296645,0,0
2021-06-25 12:30:00-04:00,3396.239990234375,3407.2900390625,3395.25,3403.4599609375,287431,0,0
2021-06-25 13:30:00-04:00,3402.389892578125,3411.366455078125,3398.18994140625,3403.780029296875,249268,0,0
2021-06-25 14:30:00-04:00,3404.764892578125,3411.7900390625,3401.199951171875,3403.2900390625,346951,0,0
2021-06-25 15:30:00-04:00,3403.68994140625,3408.110107421875,3397.7548828125,3404.89990234375,422066,0,0
2021-06-28 09:30:00-04:00,3416.0,3444.0,3413.509765625,3431.860107421875,686316,0,0
2021-06-28 10:30:00-04:00,3432.0,3443.0,3428.0,3435.050048828125,243743,0,0
2021-06-28 11:30:00-04:00,3434.989990234375,3436.47998046875,3417.949951171875,3425.83984375,166991,0,0
2021-06-28 12:30:00-04:00,3425.445068359375,3428.3701171875,3417.300048828125,3420.800048828125,112400,0,0
2021-06-28 13:30:00-04:00,3420.760009765625,3426.669921875,3418.528076171875,3423.320068359375,133326,0,0
2021-06-28 14:30:00-04:00,3422.590087890625,3443.43994140625,3420.0,3437.0,288438,0,0
2021-06-28 15:30:00-04:00,3436.760009765625,3448.0,3434.945068359375,3443.889892578125,350686,0,0
2021-06-29 09:30:00-04:00,3439.75,3456.030029296875,3423.030029296875,3427.530029296875,561678,0,0
2021-06-29 10:30:00-04:00,3427.1298828125,3439.389892578125,3424.27001953125,3434.949951171875,214065,0,0
2021-06-29 11:30:00-04:00,3434.510009765625,3441.260009765625,3430.5048828125,3441.0400390625,137385,0,0
2021-06-29 12:30:00-04:00,3441.169921875,3454.304931640625,3438.5400390625,3447.885009765625,237068,0,0
2021-06-29 13:30:00-04:00,3448.419921875,3453.989990234375,3444.639892578125,3447.9599609375,192265,0,0
2021-06-29 14:30:00-04:00,3448.544921875,3450.84228515625,3440.6298828125,3447.830078125,182559,0,0
2021-06-29 15:30:00-04:00,3447.43994140625,3449.489990234375,3444.618896484375,3449.47998046875,196783,0,0
2021-06-30 09:30:00-04:00,3441.06005859375,3471.0,3435.0,3465.969970703125,650936,0,0
2021-06-30 10:30:00-04:00,3465.85009765625,3471.601806640625,3458.530029296875,3460.27001953125,272444,0,0
2021-06-30 11:30:00-04:00,3459.579345703125,3468.179931640625,3451.449951171875,3453.909912109375,191968,0,0
2021-06-30 12:30:00-04:00,3451.820068359375,3463.0400390625,3451.0,3459.25,152456,0,0
2021-06-30 13:30:00-04:00,3460.02001953125,3463.114990234375,3452.860107421875,3454.5,127995,0,0
2021-06-30 14:30:00-04:00,3454.3798828125,3458.409912109375,3444.330078125,3448.796875,230143,0,0
2021-06-30 15:30:00-04:00,3448.7451171875,3449.7900390625,3439.0,3439.280029296875,358679,0,0
2021-07-01 09:30:00-04:00,3434.610107421875,3457.0,3428.60009765625,3438.449951171875,569863,0,0
2021-07-01 10:30:00-04:00,3438.590087890625,3445.989013671875,3417.570068359375,3420.635009765625,269830,0,0
2021-07-01 11:30:00-04:00,3420.409912109375,3429.3798828125,3417.280029296875,3419.580078125,170856,0,0
2021-07-01 12:30:00-04:00,3418.783447265625,3420.0,3409.420654296875,3418.0400390625,203927,0,0
2021-07-01 13:30:00-04:00,3418.27001953125,3431.0,3417.56005859375,3426.681884765625,198129,0,0
2021-07-01 14:30:00-04:00,3427.35009765625,3433.142578125,3423.9951171875,3430.39990234375,198096,0,0
2021-07-01 15:30:00-04:00,3432.5,3435.0,3427.0,3432.97998046875,220503,0,0
2021-07-02 09:30:00-04:00,3450.31982421875,3454.0,3441.0,3446.14990234375,431530,0,0
2021-07-02 10:30:00-04:00,3444.0,3445.969970703125,3436.919921875,3442.320068359375,176587,0,0
2021-07-02 11:30:00-04:00,3442.655029296875,3468.9599609375,3442.080078125,3466.389892578125,406064,0,0
2021-07-02 12:30:00-04:00,3466.449951171875,3490.2998046875,3466.139892578125,3476.8798828125,512742,0,0
2021-07-02 13:30:00-04:00,3477.030029296875,3490.429931640625,3476.8798828125,3488.580078125,269781,0,0
2021-07-02 14:30:00-04:00,3488.659912109375,3494.0,3482.564208984375,3493.35009765625,260634,0,0
2021-07-02 15:18:13-04:00,3492.6201171875,3492.6201171875,3492.6201171875,3492.6201171875,0,0,0
