Datetime,Open,High,Low,Close,Volume,Dividends,Stock Splits
2021-06-02 14:30:00-04:00,327.5199890136719,328.44000244140625,327.1214904785156,328.17999267578125,0,0,0
2021-06-02 15:30:00-04:00,328.1499938964844,329.3999938964844,327.79998779296875,329.1600036621094,1450299,0,0
2021-06-03 09:30:00-04:00,326.1177978515625,327.2900085449219,323.4800109863281,324.81500244140625,3905075,0,0
2021-06-03 10:30:00-04:00,324.82501220703125,326.8699951171875,323.82000732421875,325.5849914550781,2099053,0,0
2021-06-03 11:30:00-04:00,325.5199890136719,325.7698974609375,324.4700012207031,325.4200134277344,1157122,0,0
2021-06-03 12:30:00-04:00,325.3599853515625,327.0299987792969,324.9049987792969,326.9400939941406,1229145,0,0
2021-06-03 13:30:00-04:00,326.94000244140625,327.375,326.2099914550781,326.2110900878906,1107889,0,0
2021-06-03 14:30:00-04:00,326.17999267578125,326.44000244140625,325.5150146484375,326.2803039550781,879681,0,0
2021-06-03 15:30:00-04:00,326.30999755859375,326.80999755859375,325.8299865722656,326.0400085449219,1107144,0,0
2021-06-04 09:30:00-04:00,325.8999938964844,329.69000244140625,325.17999267578125,328.5799865722656,3214886,0,0
2021-06-04 10:30:00-04:00,328.535400390625,332.4549865722656,328.17999267578125,332.0350036621094,2314340,0,0
2021-06-04 11:30:00-04:00,331.98431396484375,332.1700134277344,331.1650085449219,331.17999267578125,1312456,0,0
2021-06-04 12:30:00-04:00,331.18890380859375,331.45001220703125,330.20001220703125,330.97198486328125,1341252,0,0
2021-06-04 13:30:00-04:00,330.95001220703125,331.07000732421875,329.92999267578125,330.4049987792969,1092617,0,0
2021-06-04 14:30:00-04:00,330.4100036621094,330.8699951171875,330.2300109863281,330.2300109863281,946867,0,0
2021-06-04 15:30:00-04:00,330.2449951171875,330.7900085449219,330.0400085449219,330.30999755859375,1434220,0,0
2021-06-07 09:30:00-04:00,329.510009765625,331.79998779296875,328.92999267578125,330.44000244140625,3761856,0,0
2021-06-07 10:30:00-04:00,330.44000244140625,334.5899963378906,329.8500061035156,334.0,3230874,0,0
2021-06-07 11:30:00-04:00,333.9800109863281,337.2300109863281,333.6300048828125,336.3699951171875,3157266,0,0
2021-06-07 12:30:00-04:00,336.3800048828125,336.55999755859375,335.2200012207031,336.1781921386719,1957220,0,0
2021-06-07 13:30:00-04:00,336.17999267578125,336.6600036621094,334.8900146484375,335.95001220703125,1657749,0,0
2021-06-07 14:30:00-04:00,335.94000244140625,337.69000244140625,335.8699951171875,337.05999755859375,1804142,0,0
2021-06-07 15:30:00-04:00,337.07000732421875,337.32000732421875,336.17169189453125,336.5899963378906,2266997,0,0
2021-06-08 09:30:00-04:00,335.9700012207031,338.2998962402344,333.7799987792969,334.6300048828125,4282484,0,0
2021-06-08 10:30:00-04:00,334.6199951171875,335.5299987792969,332.239990234375,333.33428955078125,2332929,0,0
2021-06-08 11:30:00-04:00,333.32000732421875,334.2799987792969,333.20001220703125,334.010009765625,1461386,0,0
2021-06-08 12:30:00-04:00,333.989990234375,334.68499755859375,333.239990234375,333.29998779296875,1184843,0,0
2021-06-08 13:30:00-04:00,333.260009765625,333.69000244140625,332.635009765625,333.510009765625,1402615,0,0
2021-06-08 14:30:00-04:00,333.5400085449219,334.5,333.3900146484375,333.489990234375,1468250,0,0
2021-06-08 15:30:00-04:00,333.4800109863281,334.07000732421875,332.9599914550781,333.6700134277344,1446169,0,0
2021-06-09 09:30:00-04:00,335.739990234375,336.79998779296875,333.3999938964844,334.4800109863281,3486191,0,0
2021-06-09 10:30:00-04:00,334.5,334.69000244140625,332.6400146484375,333.010009765625,1806473,0,0
2021-06-09 11:30:00-04:00,333.0400085449219,333.8699951171875,332.6499938964844,333.70001220703125,1145539,0,0
2021-06-09 12:30:00-04:00,333.70001220703125,333.80731201171875,332.8800048828125,332.94000244140625,1281116,0,0
2021-06-09 13:30:00-04:00,332.92498779296875,333.75,331.6300048828125,332.1400146484375,1531537,0,0
2021-06-09 14:30:00-04:00,332.1600036621094,332.20001220703125,330.2099914550781,330.2699890136719,1537347,0,0
2021-06-09 15:30:00-04:00,330.260009765625,330.9599914550781,330.0,330.30999755859375,1725025,0,0
2021-06-10 09:30:00-04:00,331.4100036621094,332.1600036621094,330.3599853515625,331.3699951171875,3112407,0,0
2021-06-10 10:30:00-04:00,331.3599853515625,331.6099853515625,328.5450134277344,330.4700012207031,1923536,0,0
2021-06-10 11:30:00-04:00,330.4849853515625,331.489990234375,330.1543884277344,330.70001220703125,1417436,0,0
2021-06-10 12:30:00-04:00,330.75,331.8800048828125,330.67999267578125,331.3747863769531,1166027,0,0
2021-06-10 13:30:00-04:00,331.3900146484375,333.94000244140625,331.07000732421875,333.07000732421875,1811198,0,0
2021-06-10 14:30:00-04:00,333.07000732421875,333.1000061035156,331.8299865722656,332.1199951171875,1352934,0,0
2021-06-10 15:30:00-04:00,332.0899963378906,332.739990234375,331.67999267578125,332.4800109863281,1346329,0,0
2021-06-11 09:30:00-04:00,332.5799865722656,332.8299865722656,330.1600036621094,330.8299865722656,2775084,0,0
2021-06-11 10:30:00-04:00,330.8999938964844,330.989990234375,328.92999267578125,330.19000244140625,2043962,0,0
2021-06-11 11:30:00-04:00,330.1499938964844,330.3299865722656,329.4599914550781,329.5,1295218,0,0
2021-06-11 12:30:00-04:00,329.510009765625,330.2900085449219,329.1099853515625,330.2699890136719,1127763,0,0
2021-06-11 13:30:00-04:00,330.2699890136719,330.989990234375,329.9200134277344,330.30999755859375,1101211,0,0
2021-06-11 14:30:00-04:00,330.3399963378906,330.8380126953125,329.8900146484375,330.2099914550781,1096754,0,0
2021-06-11 15:30:00-04:00,330.2300109863281,331.3299865722656,330.1300048828125,331.260009765625,1266124,0,0
2021-06-14 09:30:00-04:00,331.8999938964844,334.8699951171875,329.80999755859375,334.619384765625,3079755,0,0
2021-06-14 10:30:00-04:00,334.6700134277344,335.3299865722656,333.9700012207031,335.2701110839844,1775889,0,0
2021-06-14 11:30:00-04:00,335.32000732421875,335.5,334.5,334.6000061035156,1121326,0,0
2021-06-14 12:30:00-04:00,334.6199951171875,334.9599914550781,334.04998779296875,334.9599914550781,896893,0,0
2021-06-14 13:30:00-04:00,334.92999267578125,336.739990234375,334.92999267578125,335.4800109863281,1421425,0,0
2021-06-14 14:30:00-04:00,335.5199890136719,335.94000244140625,334.8500061035156,335.9150085449219,1119476,0,0
2021-06-14 15:30:00-04:00,335.8599853515625,336.82000732421875,335.6099853515625,336.82000732421875,1721473,0,0
2021-06-15 09:30:00-04:00,336.989990234375,339.9200134277344,336.1914978027344,336.70001220703125,4170991,0,0
2021-06-15 10:30:00-04:00,336.6700134277344,337.54998779296875,335.7099914550781,336.8900146484375,2395887,0,0
2021-06-15 11:30:00-04:00,336.8599853515625,337.79998779296875,335.5,336.78399658203125,2057764,0,0
2021-06-15 12:30:00-04:00,336.8299865722656,337.0599060058594,335.0299987792969,335.70001220703125,1278580,0,0
2021-06-15 13:30:00-04:00,335.69000244140625,336.29998779296875,335.4100036621094,336.29998779296875,1344253,0,0
2021-06-15 14:30:00-04:00,336.239990234375,337.6099853515625,336.0799865722656,337.0,1427414,0,0
2021-06-15 15:30:00-04:00,337.010009765625,337.5,336.3599853515625,336.7300109863281,1574142,0,0
2021-06-16 09:30:00-04:00,336.6600036621094,337.54998779296875,334.1199951171875,336.7499084472656,2669999,0,0
2021-06-16 10:30:00-04:00,336.75,337.3699951171875,335.30999755859375,336.07000732421875,1741115,0,0
2021-06-16 11:30:00-04:00,336.1000061035156,336.20001220703125,331.7250061035156,332.44000244140625,2019206,0,0
2021-06-16 12:30:00-04:00,332.3999938964844,333.19000244140625,331.9200134277344,332.80499267578125,1304217,0,0
2021-06-16 13:30:00-04:00,332.7799987792969,333.6199951171875,329.2699890136719,331.3599853515625,2395649,0,0
2021-06-16 14:30:00-04:00,331.3299865722656,333.31500244140625,328.7200012207031,332.489990234375,3211466,0,0
2021-06-16 15:30:00-04:00,332.489990234375,333.1300048828125,330.5,331.0799865722656,2358052,0,0
2021-06-17 09:30:00-04:00,330.489990234375,334.70989990234375,330.1499938964844,334.17999267578125,3446092,0,0
2021-06-17 10:30:00-04:00,334.2699890136719,337.3262023925781,333.7300109863281,336.68499755859375,3246640,0,0
2021-06-17 11:30:00-04:00,336.67999267578125,337.5199890136719,333.4599914550781,333.7699890136719,2007356,0,0
2021-06-17 12:30:00-04:00,333.785888671875,337.1199951171875,333.4949951171875,337.07000732421875,1708676,0,0
2021-06-17 13:30:00-04:00,337.0458984375,337.8299865722656,336.260009765625,337.6199951171875,1427754,0,0
2021-06-17 14:30:00-04:00,337.6300048828125,337.8594055175781,336.1400146484375,337.6499938964844,1907366,0,0
2021-06-17 15:30:00-04:00,337.6499938964844,337.9800109863281,336.3699951171875,336.4200134277344,2081379,0,0
2021-06-18 09:30:00-04:00,334.5299987792969,336.1499938964844,332.2543029785156,332.6499938964844,5704177,0,0
2021-06-18 10:30:00-04:00,332.6499938964844,333.94000244140625,330.6499938964844,330.67999267578125,2620047,0,0
2021-06-18 11:30:00-04:00,330.67498779296875,332.989990234375,330.45001220703125,332.989990234375,1893218,0,0
2021-06-18 12:30:00-04:00,332.989990234375,332.989990234375,331.9700012207031,332.1199951171875,1375172,0,0
2021-06-18 13:30:00-04:00,332.1199951171875,332.5,331.69000244140625,332.010009765625,1127572,0,0
2021-06-18 14:30:00-04:00,332.0098876953125,332.2900085449219,330.67999267578125,331.2699890136719,1684724,0,0
2021-06-18 15:30:00-04:00,331.2300109863281,331.7300109863281,329.0,329.6700134277344,2807458,0,0
2021-06-21 09:30:00-04:00,331.0899963378906,331.42999267578125,327.6499938964844,330.3380126953125,2934809,0,0
2021-06-21 10:30:00-04:00,330.4100036621094,332.9200134277344,330.17999267578125,331.8800048828125,1809067,0,0
2021-06-21 11:30:00-04:00,331.8900146484375,332.3900146484375,331.0199890136719,331.42498779296875,1332750,0,0
2021-06-21 12:30:00-04:00,331.4599914550781,331.9538879394531,330.42999267578125,330.9750061035156,828064,0,0
2021-06-21 13:30:00-04:00,330.989990234375,332.04998779296875,330.7300109863281,332.0450134277344,829534,0,0
2021-06-21 14:30:00-04:00,332.0400085449219,332.17999267578125,331.5299987792969,331.8500061035156,802571,0,0
2021-06-21 15:30:00-04:00,331.82000732421875,332.739990234375,331.75,332.2799987792969,1186225,0,0
2021-06-22 09:30:00-04:00,332.68499755859375,335.6099853515625,332.6000061035156,334.22198486328125,3127628,0,0
2021-06-22 10:30:00-04:00,334.2900085449219,334.42999267578125,332.6510009765625,333.7508850097656,1171350,0,0
2021-06-22 11:30:00-04:00,333.7250061035156,335.5299072265625,333.6449890136719,335.3800048828125,1577404,0,0
2021-06-22 12:30:00-04:00,335.3800048828125,335.6700134277344,334.4800109863281,335.1000061035156,950173,0,0
2021-06-22 13:30:00-04:00,335.1000061035156,337.7200012207031,334.91009521484375,337.45001220703125,2168541,0,0
2021-06-22 14:30:00-04:00,337.42999267578125,338.989990234375,337.1000061035156,338.9200134277344,2295989,0,0
2021-06-22 15:30:00-04:00,338.94940185546875,339.9200134277344,338.8599853515625,339.010009765625,2234533,0,0
2021-06-23 09:30:00-04:00,338.6980895996094,343.4198913574219,338.20001220703125,342.44500732421875,4155041,0,0
2021-06-23 10:30:00-04:00,342.45001220703125,342.4700012207031,339.4100036621094,340.0050048828125,2513466,0,0
2021-06-23 11:30:00-04:00,339.9800109863281,342.1000061035156,339.5799865722656,341.2099914550781,1709628,0,0
2021-06-23 12:30:00-04:00,341.1700134277344,341.2799072265625,339.8599853515625,341.07000732421875,1284746,0,0
2021-06-23 13:30:00-04:00,341.07000732421875,341.5,340.45001220703125,340.7900085449219,1101718,0,0
2021-06-23 14:30:00-04:00,340.7650146484375,342.0799865722656,340.7200012207031,342.010009765625,1234284,0,0
2021-06-23 15:30:00-04:00,342.010009765625,342.1400146484375,340.4100036621094,340.5899963378906,1115365,0,0
2021-06-24 09:30:00-04:00,341.8500061035156,344.4700012207031,341.8299865722656,344.3800964355469,2887100,0,0
2021-06-24 10:30:00-04:00,344.44000244140625,344.69000244140625,343.8699951171875,343.94000244140625,1706382,0,0
2021-06-24 11:30:00-04:00,343.94000244140625,344.8999938964844,343.55999755859375,344.3743896484375,1153305,0,0
2021-06-24 12:30:00-04:00,344.3500061035156,344.489990234375,342.70001220703125,343.1300048828125,1489158,0,0
2021-06-24 13:30:00-04:00,343.1000061035156,343.70001220703125,342.5299987792969,343.5899963378906,1139561,0,0
2021-06-24 14:30:00-04:00,343.6099853515625,343.7300109863281,342.42999267578125,342.5199890136719,1133706,0,0
2021-06-24 15:30:00-04:00,342.489990234375,343.5,341.7900085449219,343.17999267578125,1675202,0,0
2021-06-25 09:30:00-04:00,342.5899963378906,344.1199951171875,339.67999267578125,341.4599914550781,3196935,0,0
2021-06-25 10:30:00-04:00,341.4949951171875,341.79998779296875,340.0,340.68011474609375,1572144,0,0
2021-06-25 11:30:00-04:00,340.7200012207031,341.20001220703125,340.55499267578125,340.7799987792969,937760,0,0
2021-06-25 12:30:00-04:00,340.80999755859375,341.6099853515625,340.6199951171875,341.489990234375,1108126,0,0
2021-06-25 13:30:00-04:00,341.489990234375,341.7799072265625,340.6300048828125,341.3999938964844,1017941,0,0
2021-06-25 14:30:00-04:00,341.3699951171875,341.9800109863281,341.2900085449219,341.4949951171875,1140965,0,0
2021-06-25 15:30:00-04:00,341.5,342.80999755859375,340.8800048828125,341.3699951171875,1827466,0,0
2021-06-28 09:30:00-04:00,342.6300048828125,344.3699951171875,342.4800109863281,343.05010986328125,2485243,0,0
2021-06-28 10:30:00-04:00,343.1499938964844,343.6000061035156,342.29998779296875,342.4200134277344,1201917,0,0
2021-06-28 11:30:00-04:00,342.4797058105469,343.0299987792969,341.7799987792969,342.9800109863281,837698,0,0
2021-06-28 12:30:00-04:00,342.95001220703125,343.9411926269531,342.6000061035156,343.79901123046875,914053,0,0
2021-06-28 13:30:00-04:00,343.7900085449219,344.2900085449219,343.6099853515625,343.9800109863281,813802,0,0
2021-06-28 14:30:00-04:00,343.9800109863281,356.9798889160156,343.6099853515625,356.8682861328125,12671047,0,0
2021-06-28 15:30:00-04:00,356.8299865722656,358.1400146484375,354.9100036621094,355.6593933105469,6693306,0,0
2021-06-29 09:30:00-04:00,355.7200012207031,356.3399963378906,350.2699890136719,350.7099914550781,6725011,0,0
2021-06-29 10:30:00-04:00,350.7300109863281,351.8699951171875,349.04998779296875,349.8800048828125,3536299,0,0
2021-06-29 11:30:00-04:00,349.8900146484375,351.4100036621094,349.1000061035156,351.1499938964844,2457124,0,0
2021-06-29 12:30:00-04:00,351.1700134277344,351.6300048828125,350.3800048828125,351.2430114746094,1615930,0,0
2021-06-29 13:30:00-04:00,351.25,353.2900085449219,351.239990234375,351.5350036621094,2819193,0,0
2021-06-29 14:30:00-04:00,351.5350036621094,351.7200012207031,350.7900085449219,351.1449890136719,1551175,0,0
2021-06-29 15:30:00-04:00,351.1300048828125,352.04998779296875,350.95001220703125,351.8500061035156,1492193,0,0
2021-06-30 09:30:00-04:00,352.1650085449219,352.9200134277344,348.92999267578125,349.7799987792969,2552202,0,0
2021-06-30 10:30:00-04:00,349.7853088378906,350.1400146484375,347.17999267578125,347.45001220703125,2246295,0,0
2021-06-30 11:30:00-04:00,347.42999267578125,349.3699951171875,347.4100036621094,348.1300048828125,1563941,0,0
2021-06-30 12:30:00-04:00,348.1199951171875,349.5050048828125,347.9599914550781,349.29998779296875,1259264,0,0
2021-06-30 13:30:00-04:00,349.3500061035156,349.4700012207031,347.6700134277344,347.9407958984375,1118968,0,0
2021-06-30 14:30:00-04:00,347.8800964355469,348.8399963378906,347.7799987792969,348.3999938964844,1330309,0,0
2021-06-30 15:30:00-04:00,348.3800048828125,349.1600036621094,347.1700134277344,347.7099914550781,2567982,0,0
2021-07-01 09:30:00-04:00,346.82000732421875,350.4200134277344,346.5,348.50830078125,3546439,0,0
2021-07-01 10:30:00-04:00,348.510009765625,350.9599914550781,348.17999267578125,348.92498779296875,2639789,0,0
2021-07-01 11:30:00-04:00,348.94000244140625,349.9939880371094,348.7200012207031,349.5,1281211,0,0
2021-07-01 12:30:00-04:00,349.489990234375,351.3999938964844,349.17999267578125,351.0079040527344,1769394,0,0
2021-07-01 13:30:00-04:00,350.95001220703125,354.0498962402344,350.79998779296875,353.30999755859375,2840965,0,0
2021-07-01 14:30:00-04:00,353.29998779296875,354.44989013671875,353.25,353.8699951171875,2088526,0,0
2021-07-01 15:30:00-04:00,353.9049987792969,354.6698913574219,353.3800048828125,354.3900146484375,2029214,0,0
2021-07-02 09:30:00-04:00,355.1000061035156,356.4399108886719,352.6199951171875,354.3999938964844,3649117,0,0
2021-07-02 10:30:00-04:00,354.3800048828125,354.7099914550781,353.1199951171875,353.2300109863281,1587638,0,0
2021-07-02 11:30:00-04:00,353.2099914550781,354.3399963378906,352.9410095214844,354.2950134277344,1126896,0,0
2021-07-02 12:30:00-04:00,354.3299865722656,355.2640075683594,353.8399963378906,354.0,1013817,0,0
2021-07-02 13:30:00-04:00,354.010009765625,354.2900085449219,353.5400085449219,353.9599914550781,724300,0,0
2021-07-02 14:30:00-04:00,353.9800109863281,354.32000732421875,353.5400085449219,353.93499755859375,595842,0,0
2021-07-02 15:18:10-04:00,353.9200134277344,353.9200134277344,353.9200134277344,353.9200134277344,0,0,0
