Datetime,Open,High,Low,Close,Volume,Dividends,Stock Splits
2021-06-02 14:30:00-04:00,2354.60009765625,2362.85009765625,2352.35498046875,2362.02001953125,0,0,0
2021-06-02 15:30:00-04:00,2362.780029296875,2371.52001953125,2360.5400390625,2370.590087890625,140978,0,0
2021-06-03 09:30:00-04:00,2345.72998046875,2354.0,2329.52001953125,2335.0,283666,0,0
2021-06-03 10:30:00-04:00,2337.43994140625,2357.014892578125,2330.110107421875,2347.97998046875,120779,0,0
2021-06-03 11:30:00-04:00,2348.949951171875,2349.5,2338.1298828125,2344.429931640625,72585,0,0
2021-06-03 12:30:00-04:00,2343.419921875,2351.0,2341.18994140625,2350.389892578125,53104,0,0
2021-06-03 13:30:00-04:00,2349.610107421875,2350.47998046875,2345.7099609375,2346.449951171875,44975,0,0
2021-06-03 14:30:00-04:00,2347.20849609375,2347.7470703125,2341.719970703125,2343.68505859375,67459,0,0
2021-06-03 15:30:00-04:00,2344.0,2349.31005859375,2339.280029296875,2347.580078125,169013,0,0
2021-06-04 09:30:00-04:00,2369.27001953125,2386.0,2362.409912109375,2382.590087890625,264088,0,0
2021-06-04 10:30:00-04:00,2383.679931640625,2392.489990234375,2380.06494140625,2392.1201171875,151389,0,0
2021-06-04 11:30:00-04:00,2392.199951171875,2399.030029296875,2391.35009765625,2391.949951171875,122607,0,0
2021-06-04 12:30:00-04:00,2391.7900390625,2394.760009765625,2387.929931640625,2393.22998046875,77312,0,0
2021-06-04 13:30:00-04:00,2393.300048828125,2395.31005859375,2392.39990234375,2394.0,65740,0,0
2021-06-04 14:30:00-04:00,2394.419921875,2395.97998046875,2392.77001953125,2395.97998046875,164987,0,0
2021-06-04 15:30:00-04:00,2395.97998046875,2398.531494140625,2392.409912109375,2393.199951171875,209480,0,0
2021-06-07 09:30:00-04:00,2389.43603515625,2398.14990234375,2382.219970703125,2384.485107421875,204975,0,0
2021-06-07 10:30:00-04:00,2385.2900390625,2389.139892578125,2381.199951171875,2384.02001953125,105351,0,0
2021-06-07 11:30:00-04:00,2383.10009765625,2397.429931640625,2382.04345703125,2396.929931640625,113732,0,0
2021-06-07 12:30:00-04:00,2397.409912109375,2404.510009765625,2393.6201171875,2393.6201171875,117086,0,0
2021-06-07 13:30:00-04:00,2392.68994140625,2392.68994140625,2381.0,2389.580078125,153623,0,0
2021-06-07 14:30:00-04:00,2388.760009765625,2403.360107421875,2388.56005859375,2402.010009765625,134132,0,0
2021-06-07 15:30:00-04:00,2401.389892578125,2404.31005859375,2397.22998046875,2403.2099609375,208312,0,0
2021-06-08 09:30:00-04:00,2412.010009765625,2419.520263671875,2404.3701171875,2407.85009765625,285618,0,0
2021-06-08 10:30:00-04:00,2406.75,2410.14990234375,2395.090087890625,2401.056884765625,154247,0,0
2021-06-08 11:30:00-04:00,2401.47509765625,2409.260009765625,2398.030029296875,2408.06005859375,107756,0,0
2021-06-08 12:30:00-04:00,2408.47509765625,2410.544921875,2405.905029296875,2406.929931640625,75780,0,0
2021-06-08 13:30:00-04:00,2406.010009765625,2408.89990234375,2400.654541015625,2400.75,115991,0,0
2021-06-08 14:30:00-04:00,2400.5,2407.1298828125,2400.35498046875,2403.360107421875,111534,0,0
2021-06-08 15:30:00-04:00,2402.85009765625,2404.2099609375,2394.780029296875,2397.949951171875,210322,0,0
2021-06-09 09:30:00-04:00,2411.429931640625,2412.8798828125,2396.89990234375,2403.68994140625,197600,0,0
2021-06-09 10:30:00-04:00,2404.510009765625,2408.389892578125,2401.5400390625,2406.469970703125,93475,0,0
2021-06-09 11:30:00-04:00,2406.34765625,2408.0,2399.804931640625,2407.64990234375,64736,0,0
2021-06-09 12:30:00-04:00,2407.830078125,2412.116455078125,2406.030029296875,2411.820068359375,75644,0,0
2021-06-09 13:30:00-04:00,2411.800048828125,2412.579833984375,2404.659912109375,2406.22998046875,71404,0,0
2021-06-09 14:30:00-04:00,2406.239990234375,2407.5400390625,2402.911376953125,2404.2900390625,101265,0,0
2021-06-09 15:30:00-04:00,2403.8701171875,2409.75,2403.573974609375,2407.840087890625,165832,0,0
2021-06-10 09:30:00-04:00,2406.919921875,2433.989990234375,2403.780029296875,2427.360107421875,272519,0,0
2021-06-10 10:30:00-04:00,2426.812255859375,2428.590087890625,2407.3798828125,2423.570068359375,165259,0,0
2021-06-10 11:30:00-04:00,2423.800048828125,2431.070068359375,2419.8798828125,2426.280029296875,126598,0,0
2021-06-10 12:30:00-04:00,2426.64990234375,2427.469970703125,2419.06005859375,2419.75,95129,0,0
2021-06-10 13:30:00-04:00,2420.034912109375,2431.0,2417.85498046875,2427.590087890625,94218,0,0
2021-06-10 14:30:00-04:00,2427.929931640625,2433.989990234375,2426.7099609375,2433.340087890625,137312,0,0
2021-06-10 15:30:00-04:00,2433.68994140625,2436.0,2428.39990234375,2435.14990234375,256103,0,0
2021-06-11 09:30:00-04:00,2440.0,2441.719970703125,2424.143798828125,2427.60009765625,288227,0,0
2021-06-11 10:30:00-04:00,2427.989990234375,2428.5400390625,2420.0,2427.81005859375,116722,0,0
2021-06-11 11:30:00-04:00,2427.544921875,2431.429931640625,2426.0,2430.02001953125,101531,0,0
2021-06-11 12:30:00-04:00,2430.22998046875,2430.22998046875,2421.380615234375,2421.919921875,82782,0,0
2021-06-11 13:30:00-04:00,2421.93994140625,2426.530029296875,2418.9599609375,2424.88720703125,98560,0,0
2021-06-11 14:30:00-04:00,2425.820068359375,2427.97998046875,2423.5400390625,2427.010009765625,60565,0,0
2021-06-11 15:30:00-04:00,2426.330078125,2431.56005859375,2425.0,2430.2900390625,167949,0,0
2021-06-14 09:30:00-04:00,2432.260009765625,2434.669921875,2419.97998046875,2421.22998046875,226172,0,0
2021-06-14 10:30:00-04:00,2421.60498046875,2425.89990234375,2418.0,2425.68994140625,134958,0,0
2021-06-14 11:30:00-04:00,2425.465087890625,2429.330078125,2423.22998046875,2426.7099609375,80523,0,0
2021-06-14 12:30:00-04:00,2425.989990234375,2427.75,2424.47998046875,2427.7099609375,70985,0,0
2021-06-14 13:30:00-04:00,2427.14990234375,2431.14501953125,2426.090087890625,2429.409912109375,72547,0,0
2021-06-14 14:30:00-04:00,2429.5,2437.639892578125,2429.5,2437.639892578125,86714,0,0
2021-06-14 15:30:00-04:00,2437.47998046875,2448.919921875,2436.64013671875,2448.919921875,218532,0,0
2021-06-15 09:30:00-04:00,2449.0,2455.510009765625,2432.130126953125,2434.820068359375,242539,0,0
2021-06-15 10:30:00-04:00,2434.800048828125,2439.760009765625,2431.0,2436.0,86733,0,0
2021-06-15 11:30:00-04:00,2436.5,2436.9599609375,2431.0,2436.199951171875,61426,0,0
2021-06-15 12:30:00-04:00,2436.68505859375,2437.530029296875,2428.8701171875,2431.949951171875,67476,0,0
2021-06-15 13:30:00-04:00,2431.64990234375,2433.72998046875,2429.824951171875,2431.25,66554,0,0
2021-06-15 14:30:00-04:00,2431.06005859375,2431.35009765625,2421.1201171875,2426.35009765625,136165,0,0
2021-06-15 15:30:00-04:00,2426.0400390625,2433.0,2424.455078125,2429.159912109375,174330,0,0
2021-06-16 09:30:00-04:00,2431.43994140625,2437.719970703125,2422.739990234375,2432.469970703125,186693,0,0
2021-06-16 10:30:00-04:00,2431.469970703125,2434.14990234375,2425.260009765625,2429.070068359375,107196,0,0
2021-06-16 11:30:00-04:00,2429.679931640625,2429.909912109375,2403.330078125,2416.0,192858,0,0
2021-06-16 12:30:00-04:00,2415.85009765625,2422.4599609375,2414.0400390625,2420.77001953125,120843,0,0
2021-06-16 13:30:00-04:00,2422.22998046875,2427.18994140625,2398.030029296875,2405.664794921875,187556,0,0
2021-06-16 14:30:00-04:00,2407.489990234375,2425.094970703125,2389.39990234375,2423.0,202598,0,0
2021-06-16 15:30:00-04:00,2423.010009765625,2425.0,2413.1201171875,2415.39990234375,150216,0,0
2021-06-17 09:30:00-04:00,2413.949951171875,2435.10009765625,2410.0,2432.800048828125,231940,0,0
2021-06-17 10:30:00-04:00,2434.824951171875,2444.0,2427.9169921875,2443.18994140625,192777,0,0
2021-06-17 11:30:00-04:00,2443.14990234375,2450.449951171875,2422.840087890625,2423.945068359375,193249,0,0
2021-06-17 12:30:00-04:00,2421.340087890625,2442.639892578125,2418.68994140625,2441.419921875,113436,0,0
2021-06-17 13:30:00-04:00,2441.449951171875,2448.030029296875,2441.340087890625,2445.119873046875,116562,0,0
2021-06-17 14:30:00-04:00,2444.570068359375,2446.3701171875,2436.812744140625,2443.7099609375,122497,0,0
2021-06-17 15:30:00-04:00,2444.52001953125,2445.0,2433.659912109375,2433.659912109375,142428,0,0
2021-06-18 09:30:00-04:00,2427.340087890625,2432.06005859375,2407.5,2411.760009765625,490174,0,0
2021-06-18 10:30:00-04:00,2409.669921875,2414.669921875,2402.360107421875,2402.360107421875,202711,0,0
2021-06-18 11:30:00-04:00,2402.239990234375,2414.0400390625,2400.300048828125,2412.719970703125,143948,0,0
2021-06-18 12:30:00-04:00,2412.580078125,2422.3701171875,2412.52001953125,2417.389892578125,114336,0,0
2021-06-18 13:30:00-04:00,2417.77001953125,2421.9599609375,2412.0,2419.4599609375,96380,0,0
2021-06-18 14:30:00-04:00,2419.25,2419.9599609375,2410.929931640625,2416.389892578125,193494,0,0
2021-06-18 15:30:00-04:00,2416.10009765625,2421.0,2400.300048828125,2400.6298828125,430736,0,0
2021-06-21 09:30:00-04:00,2410.010009765625,2426.889892578125,2397.969970703125,2419.260009765625,261340,0,0
2021-06-21 10:30:00-04:00,2418.5400390625,2437.159912109375,2418.5400390625,2433.280029296875,175876,0,0
2021-06-21 11:30:00-04:00,2432.159912109375,2437.300048828125,2427.10009765625,2428.530029296875,89007,0,0
2021-06-21 12:30:00-04:00,2429.919921875,2432.945068359375,2423.110107421875,2425.635986328125,74428,0,0
2021-06-21 13:30:00-04:00,2425.8349609375,2435.965087890625,2425.5,2435.3701171875,90590,0,0
2021-06-21 14:30:00-04:00,2435.27001953125,2440.0,2429.352294921875,2432.389892578125,138355,0,0
2021-06-21 15:30:00-04:00,2432.47998046875,2440.0,2431.669921875,2436.25,196698,0,0
2021-06-22 09:30:00-04:00,2435.0,2438.385009765625,2425.260009765625,2427.330078125,193537,0,0
2021-06-22 10:30:00-04:00,2427.864990234375,2429.949951171875,2421.280029296875,2426.719970703125,125255,0,0
2021-06-22 11:30:00-04:00,2427.264892578125,2431.0849609375,2422.179931640625,2430.800048828125,100727,0,0
2021-06-22 12:30:00-04:00,2430.440185546875,2437.159912109375,2429.159912109375,2432.35009765625,88942,0,0
2021-06-22 13:30:00-04:00,2432.68505859375,2441.409912109375,2432.179931640625,2439.860107421875,84910,0,0
2021-06-22 14:30:00-04:00,2439.429931640625,2446.6298828125,2436.679931640625,2445.830078125,117112,0,0
2021-06-22 15:30:00-04:00,2445.050048828125,2448.0,2442.679931640625,2446.610107421875,208068,0,0
2021-06-23 09:30:00-04:00,2441.8701171875,2461.909912109375,2441.8701171875,2451.070068359375,222473,0,0
2021-06-23 10:30:00-04:00,2450.375,2451.739990234375,2445.0,2448.360107421875,92668,0,0
2021-06-23 11:30:00-04:00,2448.60009765625,2450.93994140625,2442.2900390625,2444.830078125,75988,0,0
2021-06-23 12:30:00-04:00,2444.530029296875,2444.68994140625,2438.699951171875,2441.8798828125,85308,0,0
2021-06-23 13:30:00-04:00,2442.3349609375,2442.840087890625,2436.68994140625,2436.68994140625,86901,0,0
2021-06-23 14:30:00-04:00,2436.804931640625,2447.0,2436.804931640625,2445.929931640625,71568,0,0
2021-06-23 15:30:00-04:00,2445.510009765625,2445.510009765625,2437.0,2442.550048828125,193935,0,0
2021-06-24 09:30:00-04:00,2454.0,2461.110595703125,2448.090087890625,2456.657470703125,194012,0,0
2021-06-24 10:30:00-04:00,2456.5400390625,2457.22998046875,2450.27001953125,2453.43994140625,106360,0,0
2021-06-24 11:30:00-04:00,2453.280029296875,2457.139892578125,2449.64990234375,2454.969970703125,103262,0,0
2021-06-24 12:30:00-04:00,2453.719970703125,2454.489990234375,2448.7900390625,2449.81396484375,74389,0,0
2021-06-24 13:30:00-04:00,2449.0,2451.989990234375,2446.0,2450.830078125,74106,0,0
2021-06-24 14:30:00-04:00,2451.093017578125,2453.0,2448.360107421875,2448.360107421875,83538,0,0
2021-06-24 15:30:00-04:00,2448.840087890625,2451.419921875,2446.320068359375,2450.0,194510,0,0
2021-06-25 09:30:00-04:00,2440.0,2452.659912109375,2435.780029296875,2443.419921875,217235,0,0
2021-06-25 10:30:00-04:00,2443.3798828125,2443.860107421875,2431.304931640625,2435.304931640625,131104,0,0
2021-06-25 11:30:00-04:00,2435.27490234375,2436.449951171875,2431.85498046875,2433.989990234375,75250,0,0
2021-06-25 12:30:00-04:00,2433.804931640625,2442.330078125,2432.949951171875,2441.179931640625,82757,0,0
2021-06-25 13:30:00-04:00,2441.340087890625,2445.514892578125,2438.580078125,2444.110107421875,65748,0,0
2021-06-25 14:30:00-04:00,2443.85009765625,2448.330078125,2443.739990234375,2447.25,104912,0,0
2021-06-25 15:30:00-04:00,2447.232666015625,2450.64990234375,2437.81005859375,2450.179931640625,284755,0,0
2021-06-28 09:30:00-04:00,2453.570068359375,2455.695068359375,2435.1298828125,2436.639892578125,236827,0,0
2021-06-28 10:30:00-04:00,2437.75,2443.989990234375,2435.2900390625,2435.469970703125,122745,0,0
2021-06-28 11:30:00-04:00,2435.570068359375,2438.320068359375,2428.110107421875,2434.5,118398,0,0
2021-06-28 12:30:00-04:00,2434.544921875,2439.14501953125,2432.260009765625,2439.14501953125,64761,0,0
2021-06-28 13:30:00-04:00,2439.364990234375,2440.260009765625,2436.10009765625,2436.4951171875,70464,0,0
2021-06-28 14:30:00-04:00,2436.5,2455.625732421875,2433.159912109375,2445.260009765625,319691,0,0
2021-06-28 15:30:00-04:00,2445.199951171875,2452.4599609375,2441.6298828125,2451.550048828125,207386,0,0
2021-06-29 09:30:00-04:00,2453.406982421875,2460.4150390625,2434.6298828125,2438.0,227783,0,0
2021-06-29 10:30:00-04:00,2437.610107421875,2444.53076171875,2433.81494140625,2435.800048828125,95956,0,0
2021-06-29 11:30:00-04:00,2436.510009765625,2446.570068359375,2434.719970703125,2445.199951171875,70057,0,0
2021-06-29 12:30:00-04:00,2445.889892578125,2446.97900390625,2442.030029296875,2442.429931640625,136086,0,0
2021-06-29 13:30:00-04:00,2442.169921875,2452.0,2442.169921875,2449.590087890625,80379,0,0
2021-06-29 14:30:00-04:00,2448.929931640625,2450.139892578125,2443.25,2444.06005859375,91638,0,0
2021-06-29 15:30:00-04:00,2444.7099609375,2451.52001953125,2444.030029296875,2444.889892578125,148126,0,0
2021-06-30 09:30:00-04:00,2439.889892578125,2445.139892578125,2431.010009765625,2432.409912109375,234501,0,0
2021-06-30 10:30:00-04:00,2432.18994140625,2436.43994140625,2427.85888671875,2428.60009765625,140494,0,0
2021-06-30 11:30:00-04:00,2428.989990234375,2439.280029296875,2427.090087890625,2435.949951171875,112841,0,0
2021-06-30 12:30:00-04:00,2435.9599609375,2438.425048828125,2433.425048828125,2433.969970703125,67549,0,0
2021-06-30 13:30:00-04:00,2434.010009765625,2437.02001953125,2431.360107421875,2433.679931640625,62509,0,0
2021-06-30 14:30:00-04:00,2434.090087890625,2438.760009765625,2433.760009765625,2437.820068359375,90642,0,0
2021-06-30 15:30:00-04:00,2438.22998046875,2444.510009765625,2436.719970703125,2440.06005859375,228709,0,0
2021-07-01 09:30:00-04:00,2434.5,2450.2900390625,2434.409912109375,2446.60009765625,218752,0,0
2021-07-01 10:30:00-04:00,2447.010009765625,2451.739990234375,2434.6201171875,2436.679931640625,136096,0,0
2021-07-01 11:30:00-04:00,2437.7900390625,2439.52001953125,2433.0400390625,2434.756103515625,77111,0,0
2021-07-01 12:30:00-04:00,2434.47509765625,2435.110107421875,2430.6298828125,2432.965087890625,59925,0,0
2021-07-01 13:30:00-04:00,2432.760009765625,2444.389892578125,2432.169921875,2443.10009765625,73200,0,0
2021-07-01 14:30:00-04:00,2443.550048828125,2448.320068359375,2442.639892578125,2444.7900390625,72124,0,0
2021-07-01 15:30:00-04:00,2444.840087890625,2450.0,2444.52001953125,2448.889892578125,144106,0,0
2021-07-02 09:30:00-04:00,2463.0,2485.050048828125,2461.18994140625,2479.330078125,314388,0,0
2021-07-02 10:30:00-04:00,2479.6201171875,2485.5,2475.7900390625,2484.989990234375,101792,0,0
2021-07-02 11:30:00-04:00,2484.8798828125,2495.909912109375,2484.21728515625,2495.909912109375,141880,0,0
2021-07-02 12:30:00-04:00,2495.820068359375,2500.81494140625,2494.266845703125,2496.056396484375,142109,0,0
2021-07-02 13:30:00-04:00,2496.47998046875,2503.070068359375,2494.47998046875,2503.070068359375,123524,0,0
2021-07-02 14:30:00-04:00,2503.239990234375,2504.0,2499.37841796875,2501.945068359375,90624,0,0
2021-07-02 15:17:51-04:00,2502.080078125,2502.080078125,2502.080078125,2502.080078125,0,0,0
